1	   1.000000       3.000000       5.000000       7.000000       9.005000
2	   11.01500       13.03000       15.05500       17.09500       19.16000
3	   21.25500       23.38500       25.56000       27.79500       30.10000
4	   32.49000       34.98500       37.60500       40.37500       43.32000
5	   46.47500       49.88000       53.57500       57.61000       62.05000
6	   66.97000       72.45500       78.61000       85.55500       93.42500
7	   102.3850       112.6300       124.3850       137.9100       153.5100
8	   171.5350       192.3800       216.4950       244.3850       276.6050
9	   313.7650       356.5200       405.5650       461.6300       525.4550
0	   597.7700       679.2850       770.6650       872.5000       985.2750
1	   1109.355       1244.970       1392.185       1550.895       1720.835
2	   1901.575       2092.530       2292.985       2502.125       2719.060
3	   2942.855       3172.565       3407.260       3646.055       3888.130
4	   4132.750       4379.275       4627.165       4875.980       5125.380
5	   5375.120       5625.030       5875.005       6125.000       6375.000
